3.604
13.498
15.267
14.788
13.367
12.216
11.291
12.755
11.616
12.964
11.092
9.263
6.516
9.014
4.438
14.234
12.964
12.737
10.917
13.449
12.452
12.137
10.55
11.408
9.29
16.548
15.806
15.864
15.427
22.672
21.297
17.847
21.097
20.009
21.215
22.348
14.562
22.031
21.257
18.709
15.859
18.096
17.453
17.035
16.287
16.641
19.887
25.57
20.71
17.801
11.891
19.579
21.284
14.936
15.011
15.813
16.023
16.203
15.504
16.661
14.799
18.149
15.378
16.553
14.629
13.565
17.471
14.785
19.081
24.595
14.263
17.916
24.109
25.617
26.266
19.902
14.389
22.75
24.92
26.016
20.661
16.938
20.433
26.057
25.867
21.164
17.328
20.547
25.0
26.328
22.391
11.895
8.677
8.49
7.675
7.315
8.544
8.829
8.983
4.998
8.581
15.796
13.217
12.303
7.68
8.114
11.903
14.381
14.189
12.454
13.439
4.875
25.43
14.413
14.624
9.447
11.629
12.449
14.864
11.319
7.7
16.897
17.658
13.497
10.056
8.839
14.252
13.697
15.704
17.706
16.43
14.703
13.789
12.193
12.996
11.682
10.503
10.557
9.086
9.609
9.438
9.454
9.14
5.055
3.418
2.855
19.891
14.317
9.349
10.642
14.337
13.125
17.406
14.524
13.273
12.428
7.407
13.924
12.264
12.532
11.155
10.686
6.311
9.6
12.177
11.261
12.705
13.961
9.432
15.967
15.898
13.642
24.243
19.378
21.923
20.982
16.427
18.107
24.306
25.787
23.398
17.164
17.312
23.875
26.312
23.545
18.321
17.883
21.742
21.408
16.346
15.382
15.381
21.176
18.9
14.915
12.991
13.484
18.704
