54.6
63.4
56.4
51.0
42.8
60.5
67.0
65.5
63.8
74.8
49.3
47.7
65.1
52.6
50.8
48.4
66.3
53.9
61.2
43.4
49.4
36.9
43.8
51.6
54.6
75.3
87.6
68.6
72.1
60.8
56.1
45.8
51.9
54.5
64.8
60.0
62.6
49.1
62.1
36.8
40.0
49.8
48.3
49.8
68.6
71.8
75.8
59.8
65.9
43.0
57.4
59.7
50.6
77.4
48.4
61.3
54.5
42.2
51.0
42.9
47.0
58.7
70.3
73.3
73.7
62.4
42.8
52.8
61.6
51.7
56.7
42.4
14.7
16.6
17.6
13.6
12.9
17.9
28.2
38.4
38.3
23.4
31.7
22.4
19.0
17.8
25.4
19.3
17.7
19.1
20.1
21.4
18.7
25.8
30.4
37.0
47.8
38.8
43.1
55.7
57.2
76.9
71.8
78.9
70.3
53.0
53.7
51.6
58.5
50.7
50.4
64.4
76.6
79.3
60.4
68.5
44.4
44.8
58.5
37.7
62.5
61.4
60.3
84.6
88.0
89.6
90.8
78.4
49.7
53.6
63.7
45.6
61.4
67.0
61.9
55.1
57.5
50.9
53.9
46.1
54.6
54.2
46.3
53.0
45.2
88.1
67.3
65.0
70.9
72.8
57.2
57.4
62.2
34.6
64.3
52.4
51.8
49.2
47.4
40.6
22.8
13.8
18.7
20.2
28.6
51.1
65.5
70.0
57.5
43.4
64.3
42.7
49.6
65.6
53.5
55.6
55.0
41.5
46.1
24.3
34.8
20.6
42.6
53.6
61.4
62.7
63.6
58.1
68.4
46.4
53.2
55.4
46.3
67.5
67.5
50.8
51.4
49.0
38.5
40.4
